Analyzed EDM Games: 58
[2024020036 2024020040 2024020056 2024020069 2024020103 2024020121
 2024020136 2024020166 2024020190 2024020207 2024020235 2024020249
 2024020264 2024020274 2024020294 2024020315 2024020332 2024020375
 2024020385 2024020418 2024020435 2024020453 2024020467 2024020477
 2024020495 2024020518 2024020530 2024020569 2024020578 2024020601
 2024020618 2024020631 2024020641 2024020658 2024020676 2024020706
 2024020718 2024020735 2024020754 2025020035 2025020051 2025020065
 2025020078 2025020090 2025020099 2025020122 2025020139 2025020147
 2025020162 2025020175 2025020200 2025020207 2025020254 2025020266
 2025020274 2025020289 2025020302 2025020315]
