2025020037
2025020124
2025020159
2025020261
2025020290
2025020316
2025020317
2025020318
2025020319
2025020320
2025020321
2025020323
2025020325
2025020326
2025020327
2025020328
2025020329
2025020330
2025020331
2025020332
2025020333
2025020334
2025020335
2025020336
2025020337
2025020340
2025020341
2025020342
2025020343
2025020344
2025020345
2025020346
2025020347
2025020348
2025020349
2025020350
2025020351
2025020352
2025020353
2025020354
2025020355
2025020356
2025020357
2025020358
2025020359
2025020361
2025020362
2025020364
2025020365
2025020366
2025020367
2025020368
2025020369
2025020370
2025020371
2025020372
2025020373
2025020374
2025020375
2025020377
2025020376
2025020378
2025020379
2025020380
2025020382
2025020383
2025020384
2025020385
2025020386
2025020387
2025020388
2025020389
2025020390
2025020391
2025020392
2025020394
2025020396
2025020397
2025020398
2025020399
2025020400
2025020401
2025020402
2025020403
2025020404
2025020405
2025020406
2025020408
2025020409
2025020410
2025020411
2025020412
2025020414
2025020415
2025020413
2025020416
2025020417
2025020419
2025020420
2025020421
2025020422
2025020424
2025020425
2025020426
2025020427
2025020428
2025020429
2025020430
2025020431
2025020432
2025020433
2025020435
2025020436
2025020437
2025020438
2025020439
2025020440
2025020441
2025020442
2025020443
2025020444
2025020445
2025020446
2025020447
2025020448
2025020449
2025020451
2025020452
2025020454
2025020455
2025020456
2025020457
2025020458
2025020459
2025020460
2025020461
2025020462
2025020463
2025020464
2025020465
2025020466
2025020467
2025020468
2025020470
2025020471
2025020472
2025020473
2025020475
2025020476
2025020477
2025020478
2025020479
2025020480
2025020481
2025020482
2025020484
2025020485
2025020486
2025020487
2025020488
2025020489
2025020490
2025020492
2025020493
2025020494
2025020495
2025020496
2025020497
2025020498
2025020500
2025020502
2025020503
2025020504
2025020505
2025020506
2025020507
2025020508
2025020509
2025020511
2025020513
2025020514
2025020515
2025020516
2025020517
2025020518
2025020519
2025020520
2025020522
2025020523
2025020525
2025020526
2025020527
2025020528
2025020529
2025020530
2025020531
2025020532
2025020533
2025020536
2025020537
2025020538
2025020539
2025020540
2025020541
2025020542
2025020543
2025020544
2025020545
2025020546
2025020547
2025020548
2025020550
2025020551
2025020553
2025020554
2025020555
2025020556
2025020557
2025020558
2025020559
2025020560
2025020561
2025020562
2025020563
2025020564
2025020565
2025020566
2025020567
2025020568
2025020569
2025020571
2025020573
2025020574
2025020575
2025020579
2025020576
2025020577
2025020578
2025020580
2025020581
2025020582
2025020584
2025020586
2025020587
2025020588
2025020589
2025020590
2025020591
2025020592
2025020593
2025020594
2025020595
2025020596
2025020597
2025020599
2025020600
2025020602
2025020603
2025020601
2025020604
2025020607
2025020608
2025020606
2025020610
2025020611
2025020612
2025020613
2025020614
2025020615
2025020616
2025020617
2025020618
2025020619
2025020620
2025020622
2025020623
2025020624
2025020625
2025020626
2025020627
2025020628
2025020629
2025020630
2025020632
